0
4.975
9.9
14.775
19.6
24.375
29.1
33.775
38.4
42.975
47.5
51.975
56.4
60.775
65.1
69.375
73.6
77.775
81.9
85.975
90
93.975
97.9
101.775
105.6
109.375
113.1
116.775
120.4
123.975
127.5
130.975
134.4
137.775
141.1
144.375
147.6
150.775
153.9
156.975
160
162.975
165.9
168.775
171.6
174.375
177.1
179.775
182.4
184.975
187.5
189.975
192.4
194.775
197.1
199.375
201.6
203.775
205.9
207.975
210
211.975
213.9
215.775
217.6
219.375
221.1
222.775
224.4
225.975
227.5
228.975
230.4
231.775
233.1
234.375
235.6
236.775
237.9
238.975
240
240.975
241.9
242.775
243.6
244.375
245.1
245.775
246.4
246.975
247.5
247.975
248.4
248.775
249.1
249.375
249.6
249.775
249.9
249.975
250
249.975
249.9
249.775
249.6
249.375
249.1
248.775
248.4
247.975
247.5
246.975
246.4
245.775
245.1
244.375
243.6
242.775
241.9
240.975
240
238.975
237.9
236.775
235.6
234.375
233.1
231.775
230.4
228.975
227.5
225.975
224.4
222.775
221.1
219.375
217.6
215.775
213.9
211.975
210
207.975
205.9
203.775
201.6
199.375
197.1
194.775
192.4
189.975
187.5
184.975
182.4
179.775
177.1
174.375
171.6
168.775
165.9
162.975
160
156.975
153.9
150.775
147.6
144.375
141.1
137.775
134.4
130.975
127.5
123.975
120.4
116.775
113.1
109.375
105.6
101.775
97.9
93.975
90
85.975
81.9
77.775
73.6
69.375
65.1
60.775
56.4
51.975
47.5
42.975
38.4
33.775
29.1
24.375
19.6
14.775
9.9
4.975
-4.16334e-014
